-12.007492,-11.973763,-12.045810,-12.025980,-12.011593,-11.976068,-12.007435,
-12.050484,-12.005449,-11.971945,-12.044197,-11.974019,-12.019893,-11.986211,
-12.043924,-12.022839,-12.019668,-11.967546,-11.964189,-12.013115,-12.026060,
-12.000850,-11.976351,-12.010858,-11.956048,-11.979290,-12.001741,-12.007072,
-11.987546,-11.995727,-12.003939,-12.010285,-12.016485,-11.958257,-12.020088,
-11.962795,-12.036318,-11.979712,-12.049626,-11.998790,-12.046927,-12.032295,
-12.039725,-11.979508,-11.985626,-11.955316,-11.993433,-11.989985,-11.951814,
8.674288,8.627296,8.608996,8.658914,8.599959,8.681986,8.656273,
8.654717,8.678208,8.688733,8.640051,8.661037,8.661207,8.626879,
8.600339,8.665962,8.600181,8.615567,8.616931,8.647064,8.656311,
8.627629,8.607397,8.604316,8.649318,8.658950,8.614657,8.647743,
8.622384,8.616689,8.656280,8.610464,8.622175,8.604064,8.637628,
8.668235,8.638669,8.609305,8.603054,8.666125,8.681495,8.641508,
8.611028,8.665733,8.672300,8.615548,8.644082,8.658595,8.611425,
-1.582189,-1.632806,-1.570179,
-1.587657,-1.556513,-1.617749,
-1.591530,-1.620237,-1.559598,
0.248624,0.271339,0.237977,
0.282029,0.195556,0.262560,
0.193553,0.266829,0.250977,
-0.588699,-0.613932,-0.565171,
-0.566579,-0.599370,-0.623414,
-0.630999,-0.569289,-0.576427,
-0.372644,-0.393017,-0.448703,
-0.384027,-0.443309,-0.415780,
-0.415475,-0.403901,-0.456619,
0.041585,0.047116,0.031943,
0.045046,0.016334,0.059116,
0.076252,-0.006029,0.039945

